Jacobi method:
iterations: 46
time_taken: 0.2244579792022705
err_norm: [53.01476538720533, 30.14986414752532, 17.205645761608938, 9.825092946885846, 5.61143265765278, 3.205095555681933, 1.8307413546535587, 1.0457476403144175, 0.597362278423044, 0.3412382604907044, 0.1949329352227138, 0.11135743162493841, 0.06361489466233441, 0.03634154257740089, 0.02076119200559068, 0.011860558342140518, 0.006775814693466756, 0.003870981691447657, 0.0022114832071050347, 0.001263423251741482, 0.0007217994812525535, 0.00041236952539687157, 0.00023559099960797253, 0.00013459620575696917, 7.68968946244537e-05, 4.3932562209077326e-05, 2.509954831630276e-05, 1.4339923288174887e-05, 8.192740764292636e-06, 4.680723457688575e-06, 2.6742257572202526e-06, 1.5278629527256894e-06, 8.729149304526666e-07, 4.987243539603108e-07, 2.8493796146025083e-07, 1.6279500825671798e-07, 9.30106854470633e-08, 5.3140489967904905e-08, 3.0361217097641236e-08, 1.7346572361920614e-08, 9.91080678964996e-09, 5.6624601237940504e-09, 3.2352069047319867e-09, 1.8484162581860368e-09, 1.0560832489728137e-09, 6.033888390688716e-10]
Gauss-Seidel method:
iterations: 28
time_taken: 0.0658578872680664
err_norm: [37.023776329343924, 14.764163098019381, 5.89972860103147, 2.358115147400817, 0.942610347631894, 0.3768049973437349, 0.15063028820408825, 0.06021650445251406, 0.024072668945106086, 0.009623587740045299, 0.003847271990363392, 0.001538052675886263, 0.0006148815677515534, 0.00024581779363021423, 9.827350662923428e-05, 3.9288067244004826e-05, 1.5706729927200553e-05, 6.279306007006544e-06, 2.5103724773689596e-06, 1.003610583577376e-06, 4.012294218074584e-07, 1.604060396108581e-07, 6.412819382730958e-08, 2.5637613844118413e-08, 1.0249588978733559e-08, 4.09765622518817e-09, 1.638191972157226e-09, 6.54928911570446e-10]
Jacobi method:
iterations: 100
time_taken: 0.3207721710205078
err_norm: [42.5209433559322, 54.8654162430875, 72.73666751611835, 96.86690122554583, 129.09820969925397, 172.0766117346924, 229.37018831646333, 305.74413862765635, 407.55267618824735, 543.2668490678382, 724.1793303832682, 965.3442276654546, 1286.8300075891434, 1715.389800853688, 2286.688118779035, 3048.269336733749, 4063.5150500406344, 5416.919729351937, 7221.12384883679, 9626.289968883784, 12832.602306343762, 17106.930358789232, 22805.043814328867, 30401.228137542057, 40527.766353449064, 54027.57395324995, 72024.36890700963, 96016.21866399288, 128000.25230224988, 170638.92070429566, 227481.6468249151, 303260.3197990862, 404283.2347927898, 538960.2770408905, 718503.0759171412, 957858.4230008067, 1276952.6699500484, 1702350.7147224662, 2269467.704270296, 3025517.602582606, 4033444.1268338715, 5377161.350166573, 7168540.318190497, 9556723.40784844, 12740541.97750922, 16985071.255129132, 22643700.90357833, 30187558.97437589, 40244739.25656702, 53652598.33215628, 71527476.93743025, 95357651.1232331, 127127253.0243612, 169481479.86220837, 225946847.8581839, 301224831.3223743, 401583337.98942816, 535378618.56563044, 713751069.8456323, 951552871.1198822, 1268584698.7598882, 1691244501.4575708, 2254725631.8915205, 3005947377.0238256, 4007461918.334139, 5342663063.954512, 7122730498.076393, 9495887816.539164, 12659745296.55037, 16877755228.64238, 22501150112.365425, 29998190603.99708, 39993158827.98512, 53318344216.85607, 71083351011.25507, 94767499036.55319, 126343012502.74799, 168439255505.35342, 224561691157.67798, 299383798527.56683, 399136257307.7988, 532125810404.41205, 709427013967.107, 945804482178.3905, 1260942429412.4116, 1681083903760.182, 2241216224658.712, 2987984624891.403, 3983576741790.0605, 5310901454611.038, 7080493358261.8545, 9439717874994.49, 12585043603911.402, 16778403949812.562, 22369010631787.96, 29822435710568.04, 39759384105462.24, 53007385610445.49, 70669711377105.22, 94217254318872.33]
Gauss-Seidel method:
iterations: 100
time_taken: 0.2294461727142334
err_norm: [61.46341808755972, 122.37905283068889, 244.4342886273987, 488.2779425094108, 975.4271593038751, 1948.6734529575685, 3893.1025819820493, 7777.901409326731, 15539.492510374563, 31046.850210901204, 62030.23620170461, 123934.89544116691, 247620.9286050535, 494748.0541038991, 988515.2662371559, 1975080.5989314914, 3946281.8703222238, 7884841.186845506, 15754301.029674808, 31477952.479610298, 62894807.20205076, 125667778.70365924, 251092530.68777227, 501700165.8814199, 1002432624.9651005, 2002933594.112975, 4002010660.9828153, 7996320528.321401, 15977261641.23639, 31923804556.5988, 63786244195.26846, 127449889670.72849, 254654818687.83884, 508820143075.8259, 1016662066088.1249, 2031369071738.0876, 4058830491375.533, 8109850078057.477, 16204086146985.861, 32376958017682.293, 64691511500079.98, 129258255483511.52, 258267046900375.03, 516035284808235.9, 1031073147041066.4, 2060151758958854.5, 4116314915202204.5, 8224653271596344.0, 1.6433354172456586e+16, 3.2834804060635532e+16, 6.560579849755967e+16, 1.3108397188968379e+17, 2.6191267471130858e+17, 5.233147599465622e+17, 1.0456082122296142e+18, 2.0891735019146606e+18, 4.1742604489406116e+18, 8.340346185656598e+18, 1.666433939099372e+19, 3.3295965035187687e+19, 6.652648570717017e+19, 1.329220464508142e+20, 2.655821656859829e+20, 5.306403130757317e+20, 1.0602322438950219e+21, 2.118366997288889e+21, 4.232537494555029e+21, 8.456678821231441e+21, 1.6896558719566757e+22, 3.375950593144994e+22, 6.745176057752477e+22, 1.3476896020673702e+23, 2.6926867819065037e+23, 5.3799862433832455e+23, 1.0749192758803494e+24, 2.1476815624264109e+24, 4.2910470074084613e+24, 8.573457402357282e+24, 1.7129632629494415e+25, 3.4224682626915433e+25, 6.838016268203848e+25, 1.3662184415013158e+26, 2.729665708857262e+26, 5.453785913996915e+26, 1.0896474400653182e+27, 2.177074089316982e+27, 4.349703944438127e+27, 8.690514033218845e+27, 1.7363229419441591e+28, 3.4690839357168836e+28, 6.931039475410338e+28, 1.3847813037312864e+29, 2.7667075764644783e+29, 5.527701347126426e+29, 1.1043967502131137e+30, 2.2065049276092738e+30, 4.4084296047791285e+30, 8.807692428097114e+30, 1.7597038592213292e+31, 3.515735897848431e+31]
Direct method:
time_taken: 0.14465117454528809
err_norm: 9.378806517240732e-13

Matrix size: 100

Jacobi method:
iterations: 43
time_taken: 0.05787396430969238
err_norm: [17.22107214621758, 9.70364398529954, 5.502131020942521, 3.1256078483848393, 1.7771162781784309, 1.010956190841133, 0.5753293135200642, 0.3275131263145312, 0.18648455172189307, 0.1062039317492728, 0.06049345837697414, 0.03446164887810122, 0.01963430348890344, 0.011187688272092827, 0.006375370463010815, 0.0036333431326886186, 0.0020708075066627214, 0.0011803269773192967, 0.0006728087359354253, 0.00038353530797281056, 0.00021864601546134306, 0.00012465180130933685, 7.10681180154109e-05, 4.05199588067323e-05, 2.31036131314139e-05, 1.3173660533328157e-05, 7.511864101259156e-06, 4.283539668050099e-06, 2.4427042433869905e-06, 1.3930005279362109e-06, 7.944074619285281e-07, 4.5305025821537637e-07, 2.583806141205229e-07, 1.4736129610453486e-07, 8.404587960743261e-08, 4.793563312103399e-08, 2.7340669699890612e-08, 1.5594378917130732e-08, 8.894774151886782e-09, 5.073519615078926e-09, 2.89394977725846e-09, 1.6507437496419666e-09, 9.41618383339202e-10]
Gauss-Seidel method:
iterations: 27
time_taken: 0.03350353240966797
err_norm: [12.038195892394684, 4.749850256140307, 1.8835227444961704, 0.7478751307302388, 0.29713754297092837, 0.1180931746930109, 0.04694350571681325, 0.01866272180779542, 0.007419979067406891, 0.002950154620934839, 0.001172982998106075, 0.00046637636857910583, 0.0001854274347791612, 7.372248881549893e-05, 2.9309691136602162e-05, 1.1652122221921494e-05, 4.632111948023414e-06, 1.8413285090047631e-06, 7.319137946420178e-07, 2.9091317130071297e-07, 1.1562190635419936e-07, 4.595034065481279e-08, 1.826029775460831e-08, 7.25598164987638e-09, 2.8830513175489687e-09, 1.1454477165892454e-09, 4.5505461453466353e-10]
Direct method:
time_taken: 0.0002090930938720703
err_norm: 8.994704322269969e-16

Matrix size: 500

Jacobi method:
iterations: 45
time_taken: 0.09519076347351074
err_norm: [38.493729794266926, 21.872239701475227, 12.473904166250215, 7.119399504362795, 4.0643082580603, 2.320496910303475, 1.3249804641160197, 0.7565953959680426, 0.4320543781266223, 0.24673455557999535, 0.14090802125095633, 0.08047362898718581, 0.04596020868178247, 0.02624941666454734, 0.014992206019418744, 0.008562858901462621, 0.004890786171529963, 0.002793473751457827, 0.001595570592757431, 0.00091136534382885, 0.0005205634367780635, 0.00029734396759577536, 0.0001698433779762643, 9.701566182555693e-05, 5.541643533951335e-05, 3.165472968146771e-05, 1.8081802608565873e-05, 1.0328749718591972e-05, 5.900061501582117e-06, 3.3702951227167453e-06, 1.9252263613546133e-06, 1.099760252170401e-06, 6.282268264518175e-07, 3.5886993055284363e-07, 2.0500275691267804e-07, 1.1710738455449796e-07, 6.689762915441418e-08, 3.821544836872731e-08, 2.1830762798312054e-08, 1.247097781592978e-08, 7.124160450425617e-09, 4.069756375113648e-09, 2.324901573807643e-09, 1.3281348944694722e-09, 7.587192302080056e-10]
Gauss-Seidel method:
iterations: 28
time_taken: 0.04616403579711914
err_norm: [26.883332934913007, 10.709327407591873, 4.2761559141092045, 1.7080467635937617, 0.6823464211784629, 0.27260953907573915, 0.10891742440996789, 0.04351783127720198, 0.01738788726525193, 0.006947579015930367, 0.0027760387613313775, 0.0011092301366972292, 0.00044322167031628413, 0.00017710173601684332, 7.076632335893607e-05, 2.827691452440488e-05, 1.1298964712758865e-05, 4.514880604067708e-06, 1.8040752862083753e-06, 7.208810953788175e-07, 2.8805343561836815e-07, 1.1510198136689598e-07, 4.599310709615765e-08, 1.8378193423691895e-08, 7.343666003187587e-09, 2.9344249073963626e-09, 1.1725543181416067e-09, 4.685358220940901e-10]
Direct method:
time_taken: 0.0216522216796875
err_norm: 2.1187998230553873e-15

Matrix size: 1000

Jacobi method:
iterations: 46
time_taken: 0.2470242977142334
err_norm: [54.450969607668924, 30.96804703290189, 17.673170395728114, 10.09235577873308, 5.764218274813639, 3.292435778715478, 1.8806681425869307, 1.0742868834885237, 0.6136756059105192, 0.3505629699404206, 0.20026286847242464, 0.11440394274928382, 0.06535621617678053, 0.037336835469556726, 0.021330069856148944, 0.012185708303006838, 0.0069616572895128065, 0.003977201121862811, 0.00227219318217665, 0.0012981219934704166, 0.0007416314195532579, 0.0004237043426146312, 0.00024206931283415133, 0.00013829881218759398, 7.901306904150594e-05, 4.5142028502702324e-05, 2.5790797405483653e-05, 1.473499319526653e-05, 8.418534547302286e-06, 4.809770700655175e-06, 2.7479795341755017e-06, 1.5700149971311153e-06, 8.97005769068442e-07, 5.12492775015066e-07, 2.928068855204898e-07, 1.6729224350246732e-07, 9.558093287565032e-08, 5.4609427623422877e-08, 3.1200736921686525e-08, 1.7826369563971032e-08, 1.0185017050811581e-08, 5.819174482526426e-09, 3.3247709094857005e-09, 1.899602968783717e-09, 1.085336932873928e-09, 6.201075546897166e-10]
Gauss-Seidel method:
iterations: 28
time_taken: 0.07389283180236816
err_norm: [38.026780224954564, 15.165025279456833, 6.060172059341829, 2.4223342890980395, 0.9683137495457291, 0.3870924065574282, 0.15474760191894094, 0.061864350823072796, 0.024732170230748158, 0.009887531664248791, 0.0039529064056709265, 0.0015803290181018114, 0.0006318010836367239, 0.00025258917509180765, 0.00010098348392637864, 4.037262631529385e-05, 1.614078025166369e-05, 6.4530166307721055e-06, 2.5798928644130577e-06, 1.0314331739299718e-06, 4.1236422592846526e-07, 1.6486226648084313e-07, 6.591160610458394e-08, 2.6351347173766093e-08, 1.0535229571725374e-08, 4.211971439688067e-09, 1.6839416447326234e-09, 6.732381811116647e-10]
Direct method:
time_taken: 0.15960454940795898
err_norm: 3.0405268092428283e-15

Matrix size: 2000

Jacobi method:
iterations: 46
time_taken: 1.6424880027770996
err_norm: [76.99923127108126, 43.815620630619705, 25.014128993288494, 14.2885182949645, 8.16282574232215, 4.663486871228172, 2.664343272312036, 1.522215486371013, 0.8696955228479648, 0.4968926230643591, 0.2838973960887466, 0.1622046515450375, 0.09267611840620764, 0.052951063186315005, 0.03025405493289658, 0.01728599331175667, 0.009876583804643358, 0.0056431380689265075, 0.0032243039771504413, 0.0018422668979709957, 0.001052616775567886, 0.0006014355676595397, 0.00034364413382445634, 0.00019634945496941803, 0.00011218927554088155, 6.41023293182219e-05, 3.662663777114842e-05, 2.0927677139333488e-05, 1.195764595315936e-05, 6.832364199339741e-06, 3.903884379004388e-06, 2.230609126758019e-06, 1.2745314732387138e-06, 7.282461364673634e-07, 4.1610824887159106e-07, 2.3775789686417853e-07, 1.3585137650105917e-07, 7.7623564884463e-08, 4.4353056870391494e-08, 2.5342761827770545e-08, 1.4480538959194124e-08, 8.27400713124141e-09, 4.727672756774579e-09, 2.701340463958099e-09, 1.543517420006689e-09, 8.819503397467534e-10]
Gauss-Seidel method:
iterations: 28
time_taken: 0.1987285614013672
err_norm: [53.769353426156535, 21.456395539728618, 8.577955233926644, 3.429957422891708, 1.3715487525720298, 0.5484560294153612, 0.21931966315358162, 0.08770348689442278, 0.03507185383145028, 0.014024988544812782, 0.005608513925744785, 0.002242819247200197, 0.0008968952092433597, 0.0003586657627540502, 0.00014342960350618826, 5.735723799561996e-05, 2.293708044877167e-05, 9.1725155460793e-06, 3.668082821755265e-06, 1.4668649237493283e-06, 5.865990994296209e-07, 2.3458103966230352e-07, 9.380902937224991e-08, 3.751427659561687e-08, 1.5001983552206628e-08, 5.999305315105876e-09, 2.3991278966283112e-09, 9.594136719395132e-10]
Direct method:
time_taken: 1.428558111190796
err_norm: 4.334176788476711e-15

Matrix size: 3000

Jacobi method:
iterations: 47
time_taken: 8.755232572555542
err_norm: [94.30915036995188, 53.67380251564771, 30.645496560165906, 17.506820139732294, 10.00216493882476, 5.714707828916595, 3.265130793741884, 1.8655702945482708, 1.0659237614463266, 0.6090367829886701, 0.3479872221120684, 0.19883146835645835, 0.1136079490399964, 0.06491332877916269, 0.03709030686695225, 0.021192793786467243, 0.012109246398601198, 0.00691905902356413, 0.003953464846060746, 0.0022589653960710674, 0.0012907497794641825, 0.0007375224881590995, 0.00042141418472746347, 0.00024079289153506082, 0.00013758743138532045, 7.861662871728667e-05, 4.4921121367737006e-05, 2.566771754896838e-05, 1.4666428756098413e-05, 8.380345819920835e-06, 4.788504716421161e-06, 2.736139864200196e-06, 1.563424968999386e-06, 8.933387079591365e-07, 5.10452814650784e-07, 2.9167243084390183e-07, 1.6666157140260846e-07, 9.523045585833455e-08, 5.441473815064303e-08, 3.109263298564713e-08, 1.7766370829089796e-08, 1.015173334356676e-08, 5.8007201456405285e-09, 3.314544810603664e-09, 1.8939393894800977e-09, 1.0822024219067262e-09, 6.183738360645069e-10]
Gauss-Seidel method:
iterations: 29
time_taken: 0.40300559997558594
err_norm: [65.85698995140918, 26.284667543465048, 10.509624355028583, 4.202830193428936, 1.6807754747751085, 0.672176259517724, 0.2688191503735349, 0.107507723599204, 0.042995291171356094, 0.017195050271731186, 0.006876810141652483, 0.0027502453298376773, 0.0010999083524934974, 0.0004398879960626387, 0.00017592525115902438, 7.035818659991111e-05, 2.8138531545754878e-05, 1.1253523212688926e-05, 4.500656281177548e-06, 1.7999622903543852e-06, 7.1986517783645e-07, 2.878983020576427e-07, 1.1514025893625386e-07, 4.604849549895161e-08, 1.8416361032087593e-08, 7.3653318321156545e-09, 2.9456486255615175e-09, 1.178065926113906e-09, 4.711491131481188e-10]
Direct method:
time_taken: 5.500228643417358
err_norm: 5.210078608370394e-15

Matrix size: 4000

Jacobi method:
iterations: 47
time_taken: 27.543193817138672
err_norm: [108.89982930836138, 61.98260032480788, 35.39146379700043, 20.218973527948535, 11.5521555317889, 6.600522331684476, 3.771366170316918, 2.154877036691881, 1.231257550973506, 0.7035216395396761, 0.40198311328808084, 0.22968873391676775, 0.13124202138847377, 0.07499068109653588, 0.042849200583312014, 0.024483814442279414, 0.013989953576773496, 0.007993817490519523, 0.004567650635514554, 0.0026099498771505066, 0.0014913241252577241, 0.0008521429685367599, 0.0004869152674218268, 0.00027822412918675617, 0.000158977854980077, 9.084036871733479e-05, 5.1906474600526665e-05, 2.9659549187661908e-05, 1.694758828800216e-05, 9.683928919006545e-06, 5.533444937719874e-06, 3.161839994932866e-06, 1.8066934355702808e-06, 1.0323555890880847e-06, 5.898945948375031e-07, 3.370697398376007e-07, 1.9260402101200176e-07, 1.1005534969714168e-07, 6.288646516955706e-08, 3.593382239888481e-08, 2.0532879015931387e-08, 1.1732659679832955e-08, 6.704143040940296e-09, 3.830806980586324e-09, 2.1889579618363743e-09, 1.2507909931591534e-09, 7.147139143506657e-10]
Gauss-Seidel method:
iterations: 29
time_taken: 0.6742873191833496
err_norm: [76.04567051212219, 30.353776390052953, 12.137420324297484, 4.854071766639984, 1.9413192810632878, 0.7764116797624533, 0.31052019675999704, 0.12419081541676198, 0.04966957433503925, 0.01986517522076429, 0.007945022655228085, 0.0031775946691810987, 0.0012708736015183345, 0.0005082842283693261, 0.0002032877728642705, 8.130479856077482e-05, 3.25178148192079e-05, 1.3005490940590705e-05, 5.201544798425454e-06, 2.080358147639312e-06, 8.320396583011051e-07, 3.327745340773765e-07, 1.3309332227121732e-07, 5.323074710008387e-08, 2.1289671438112077e-08, 8.514819646979436e-09, 3.4055090795517667e-09, 1.362036248074432e-09, 5.447476645005331e-10]
Direct method:
time_taken: 14.199071645736694
err_norm: 5.9384785694122005e-15

Matrix size: 5000

Jacobi method:
iterations: 47
time_taken: 57.54431939125061
err_norm: [121.7510308152348, 69.30138085223773, 39.57190758205656, 22.607899657883486, 12.917391632846988, 7.380733406633104, 4.217240987648696, 2.4096835959331937, 1.3768724031174127, 0.786736066110135, 0.449537415045115, 0.2568643559555301, 0.14677189369222116, 0.08386541103158489, 0.047920758737231915, 0.027382003980610047, 0.015646148161507254, 0.00894026212481603, 0.00510850259638455, 0.0029190228301142944, 0.0016679454104249203, 0.0009530739666031533, 0.0005445926602058058, 0.00031118405545888113, 0.0001778128899164305, 0.00010160368847073823, 5.80571908449914e-05, 3.3174383034180557e-05, 1.895614262708585e-05, 1.0831717940827535e-05, 6.189348906499828e-06, 3.5366560425699887e-06, 2.020881780196708e-06, 1.1547532852791975e-06, 6.598385868029353e-07, 3.770391152426126e-07, 2.1544444128157164e-07, 1.2310745630136146e-07, 7.034505862507472e-08, 4.01960150282359e-08, 2.2968496149698178e-08, 1.3124485207054378e-08, 7.499496876809491e-09, 4.285309038845482e-09, 2.448681442742182e-09, 1.3992088666887922e-09, 7.995266907005239e-10]
Gauss-Seidel method:
iterations: 29
time_taken: 1.0395305156707764
err_norm: [85.01851228202005, 33.937726701039395, 13.571127255720349, 5.4276477024257135, 2.170784007710208, 0.8682103352023544, 0.3472445056550371, 0.13888240820657496, 0.05554693932330721, 0.022216406495636703, 0.00888562747840702, 0.0035538809579320043, 0.0014214056788162102, 0.0005685040243624088, 0.0002273784574268533, 9.094217214344747e-05, 3.637320186199782e-05, 1.4547820009172699e-05, 5.818545850018475e-06, 2.327186240660286e-06, 9.307819300259485e-07, 3.7227584427357746e-07, 1.4889560249474959e-07, 5.955236004774452e-08, 2.381859641149393e-08, 9.526501314672968e-09, 3.810226337908016e-09, 1.5239409655479806e-09, 6.095166699555525e-10]
Direct method:
time_taken: 30.338884353637695
err_norm: 6.644102321230813e-15