Jacobi method:
iterations: 27
time_taken: 0.19548559188842773
err_norm: [2810.5653490604245, 909.0143081142327, 296.0342460739716, 96.53245141494598, 31.48817647137214, 10.27263752105208, 3.351613907638747, 1.0935881272231722, 0.3568416916827703, 0.11644355042272181, 0.037998849234542734, 0.012400477578102835, 0.004046854822899904, 0.0013207077169050418, 0.0004310270934930023, 0.00014067284418731903, 4.5911664760199986e-05, 1.4984499255522961e-05, 4.89065797530757e-06, 1.5962383130410206e-06, 5.209944911364553e-07, 1.7004862547604112e-07, 5.5503119096283716e-08, 1.811613860417238e-08, 5.913132402884336e-09, 1.930070022254449e-09, 6.299873256824168e-10]
Gauss-Seidel method:
iterations: 17
time_taken: 0.041330814361572266
err_norm: [1370.7600136852875, 217.98051198491723, 34.806797565828745, 5.560707048401178, 0.88851426746272, 0.14198200602321207, 0.02268948372444669, 0.0036260274084796455, 0.000579493390140675, 9.261344099035017e-05, 1.4801501767834696e-05, 2.3656060338008942e-06, 3.780793423606082e-07, 6.04263876652266e-08, 9.657682105206153e-09, 1.543552227769445e-09, 2.467013650060175e-10]
Jacobi method:
iterations: 100
time_taken: 0.30452489852905273
err_norm: [1808.0306238783944, 3010.21389952725, 5290.622801350346, 9383.196553039652, 16666.347747552554, 29610.36030609208, 52610.683288329856, 93479.47830516755, 166099.18386820238, 295138.8692960973, 524435.7025543586, 931889.4778870131, 1655931.4684318749, 2942562.168872855, 5228942.552565203, 9291945.949271208, 16512154.561906738, 29343019.35424226, 52144629.64023945, 92665458.56503257, 164675681.95277923, 292647066.3004647, 520070023.37345934, 924234672.2708789, 1642499845.5997581, 2918978747.2738924, 5187509716.453015, 9219114246.531694, 16384064589.439625, 29117641259.1269, 51747899642.175415, 91966821564.64404, 163444933934.522, 290478180227.9935, 516246670102.3931, 917492758513.5923, 1630608121292.5571, 2897997955916.092, 5150483660725.887, 9153756763537.201, 16268671524290.65, 28913864185725.207, 51387970293522.72, 91330962294118.31, 162321409880674.53, 288492645541813.9, 512737190610714.06, 911288716831422.2, 1619639037829067.0, 2878601307791699.0, 5116179957034617.0, 9093081627740238.0, 1.6161338461519952e+16, 2.8723972016284136e+16, 5.1051978057049304e+16, 9.073639900519283e+16, 1.612691773507313e+17, 2.8663026521724278e+17, 5.094405897057847e+17, 9.054528665364913e+17, 1.609307137927716e+18, 2.860307963710467e+18, 5.083787675108617e+18, 9.035719633436417e+18, 1.6059751026898338e+19, 2.8544048614943814e+19, 5.073328974822759e+19, 9.017188542429694e+19, 1.602691509735292e+20, 2.8485862155796516e+20, 5.063017563792026e+20, 8.998914395137388e+20, 1.5994527530404442e+21, 2.8428458300271493e+21, 5.052842790989297e+21, 8.98087887364311e+21, 1.5962556808269534e+22, 2.8371782795197734e+22, 5.042795313559635e+22, 8.963065882079474e+22, 1.593097518976774e+23, 2.8315787809855225e+23, 5.032866881462859e+23, 8.945461185087333e+23, 1.5899758102924745e+24, 2.8260430914815726e+24, 5.023050165673451e+24, 8.928052118587417e+24, 1.5868883657730713e+25, 2.820567426058964e+25, 5.013338619639023e+25, 8.91082735594905e+25, 1.5838332251235128e+26, 2.815148391030858e+26, 5.0037263664504275e+26, 8.893776717109637e+26, 1.5808086244456837e+27, 2.809782929254464e+27, 4.994208106123354e+27, 8.876891011387067e+27]
Gauss-Seidel method:
iterations: 100
time_taken: 0.21595168113708496
err_norm: [3777.751763006163, 14976.632571736543, 59748.12145678246, 238415.34914122347, 951458.1431076274, 3797328.2262615734, 15156247.713835299, 60495750.33320674, 241475827.4799871, 963906908.0181361, 3847750203.239265, 15359858308.012974, 61316124283.229, 244775637039.5947, 977162431583.9153, 3900943372275.5786, 15573140600033.867, 62170720541775.234, 248198000933612.72, 990861492308604.1, 3955756772983136.5, 1.579239060431187e+16, 6.3047458967189864e+16, 2.5170305644544422e+17, 1.0048711675944219e+18, 4.011742982426319e+18, 1.601608933062011e+19, 6.3941141991654244e+19, 2.552728895525237e+20, 1.0191292973679183e+21, 4.0686849485384193e+21, 1.6243474377080863e+22, 6.484907668093608e+22, 2.5889793799970395e+23, 1.0336017566225747e+24, 4.1264603056140604e+24, 1.6474104957719754e+25, 6.576966828856886e+25, 2.625724078589391e+26, 1.0482674104787617e+27, 4.1849916601649796e+27, 1.6707696610640736e+28, 6.670186751464051e+28, 2.6629241516711713e+29, 1.0631118345491685e+30, 4.244225269941262e+30, 1.6944048481116133e+31, 6.764492143798045e+31, 2.7005512935739628e+32, 1.0781243577003276e+33, 4.304120796502403e+33, 1.718300768637541e+34, 6.859824917443175e+34, 2.7385833797792798e+35, 1.0932965334820098e+36, 4.3646459211023666e+36, 1.7424450295589877e+37, 6.956137449659656e+37, 2.7770020733822493e+38, 1.108621287624441e+39, 4.425773300546317e+39, 1.766827043267241e+40, 7.053388673045687e+40, 2.815791418611106e+41, 1.124092410994673e+42, 4.487478735202744e+42, 1.7914373642814164e+43, 7.151541668546441e+43, 2.854936965637674e+44, 1.1397042407356036e+45, 4.549740005007724e+45, 1.8162672635205066e+46, 7.250562105454003e+46, 2.8944251978992965e+47, 1.1554514496591349e+48, 4.612536093586349e+48, 1.8413084419789113e+49, 7.350417183003487e+49, 2.9342431402143977e+50, 1.171328900913087e+51, 4.6758466484220483e+51, 1.8665528298982844e+52, 7.45107488211122e+52, 2.974378079571117e+53, 1.1873315436409013e+54, 4.7396515903753675e+54, 1.8919924404260603e+55, 7.552503416157367e+55, 3.01481735872162e+56, 1.2034543353048944e+57, 4.803930820969641e+57, 1.9176192591637216e+58, 7.654670813665947e+58, 3.0555482183023307e+59, 1.2196921818812867e+60, 4.868663995564006e+60, 1.943425158029306e+61, 7.757544590795925e+61, 3.0965576721584397e+62, 1.2360398903420112e+63]
Direct method:
time_taken: 0.13686203956604004
err_norm: 8.796201168783723e-25

Matrix size: 100

Jacobi method:
iterations: 25
time_taken: 0.03223466873168945
err_norm: [296.56532586523093, 94.16070659343994, 30.273445771617986, 9.769424421884905, 3.1581422661667578, 1.0220324198000135, 0.3310038189954684, 0.10726484790831807, 0.03477648803091542, 0.011279275119004194, 0.0036594585064067026, 0.0011876052433975352, 0.0003855058734943658, 0.00012516436887352337, 4.0645348540630725e-05, 1.3201182319855544e-05, 4.288243729650678e-06, 1.3931717733877076e-06, 4.52671595151025e-07, 1.4709933246179866e-07, 4.780608007712187e-08, 1.5538071569662393e-08, 5.050677398252371e-09, 1.6418670616992829e-09, 5.337769397260409e-10]
Gauss-Seidel method:
iterations: 15
time_taken: 0.016683578491210938
err_norm: [144.91816034366826, 22.561077455756138, 3.547657929034386, 0.5593172111647717, 0.0882907194428003, 0.01394599790907399, 0.0022036927289844784, 0.00034829718527516285, 5.505608936075644e-05, 8.703412287423185e-06, 1.375889113845916e-06, 2.1750691716903398e-07, 3.4383333568780084e-08, 5.435005357151365e-09, 8.590579945230154e-10]
Direct method:
time_taken: 0.00024056434631347656
err_norm: 8.090470584506205e-31

Matrix size: 500

Jacobi method:
iterations: 27
time_taken: 0.0619509220123291
err_norm: [1481.7672334740332, 478.3948695587891, 155.59828514879447, 50.68584930272121, 16.518601616537147, 5.384705910727974, 1.7555732302891027, 0.5724365932000391, 0.1866709856583823, 0.06087794091725782, 0.01985507045285996, 0.006476004962367232, 0.002112340782072993, 0.0006890318752290155, 0.0002247662413286956, 7.332255256635765e-05, 2.3919789375628715e-05, 7.803495600083865e-06, 2.5458455164722994e-06, 8.305867899322779e-07, 2.709862917101889e-07, 8.84134350655975e-08, 2.884677304238818e-08, 9.412038639450823e-09, 3.0709813057384643e-09, 1.002021911206793e-09, 3.2695158557513963e-10]
Gauss-Seidel method:
iterations: 16
time_taken: 0.026325225830078125
err_norm: [722.7135896893783, 114.68969352299847, 18.285509401771122, 2.917423746623124, 0.4655966384950562, 0.07431596079508695, 0.011863005340101068, 0.0018938016390710193, 0.00030233862354911016, 4.826885418259597e-05, 7.70639120441425e-06, 1.230391496157354e-06, 1.9644544903795687e-07, 3.1365024900179657e-08, 5.0078725217415e-09, 7.995838950204995e-10]
Direct method:
time_taken: 0.022119998931884766
err_norm: 4.489312690179541e-30

Matrix size: 1000

Jacobi method:
iterations: 27
time_taken: 0.20920729637145996
err_norm: [2964.9080912152845, 959.0199370320234, 312.34095183644064, 101.85564516452699, 33.22621231969553, 10.840133356965795, 3.536912662541376, 1.154092308035485, 0.37659774928964285, 0.12289439589344821, 0.04010521648880365, 0.013088262116581411, 0.004271434992946069, 0.0013940392828807491, 0.00045497188006819375, 0.0001484914868459698, 4.84646722166268e-05, 1.5818128763746803e-05, 5.162861857130052e-06, 1.6851207099316084e-06, 5.500171624685803e-07, 1.7952536995049678e-07, 5.859755221599822e-08, 1.9126561452499396e-08, 6.243065079357783e-09, 2.037802737338789e-09, 6.651652308107023e-10]
Gauss-Seidel method:
iterations: 17
time_taken: 0.04362154006958008
err_norm: [1446.0360142769955, 229.9779917265648, 36.72568538882738, 5.867703408140105, 0.937631517559309, 0.14984053121442129, 0.02394682029966301, 0.0038271979027602273, 0.0006116802443227054, 9.776328241152246e-05, 1.5625469051994243e-05, 2.4974398054546355e-06, 3.9917260928453857e-07, 6.380129137355985e-08, 1.0197664025909175e-08, 1.6299489555943577e-09, 2.6052478713249655e-10]
Direct method:
time_taken: 0.16170787811279297
err_norm: 9.244803277724374e-30

Matrix size: 2000

Jacobi method:
iterations: 28
time_taken: 1.5574941635131836
err_norm: [5928.881616337458, 1919.808611246387, 625.7066492928761, 204.16175506553526, 66.63172409951716, 21.74810979811752, 7.098725072714408, 2.3171399869477396, 0.7563703024617949, 0.24690227885577928, 0.08059773150597066, 0.026310348982847037, 0.008588862922841419, 0.002803815092561124, 0.0009153078398827238, 0.0002988055647740962, 9.754690765014348e-05, 3.184500726496759e-05, 1.0396136137068153e-05, 3.3939473233596752e-06, 1.1080020762069337e-06, 3.6172474204595274e-07, 1.1809129071196084e-07, 3.855310846678752e-08, 1.2586433546387844e-08, 4.109108624021771e-09, 1.341510594418916e-09, 4.379676704481814e-10]
Gauss-Seidel method:
iterations: 17
time_taken: 0.12951970100402832
err_norm: [2891.143367866932, 460.3769095572861, 73.58131599524953, 11.764607922849926, 1.8811459806818909, 0.3008040162020636, 0.048101114645800504, 0.007691901613440188, 0.0012300349311746134, 0.00019670030368212975, 3.145542845527318e-05, 5.0302381756116575e-06, 8.044210163636901e-07, 1.2864112937194465e-07, 2.057205116194237e-08, 3.2898527504861905e-09, 5.261096595134235e-10]
Direct method:
time_taken: 1.3998730182647705
err_norm: 1.8785088433770293e-29

Matrix size: 3000

Jacobi method:
iterations: 28
time_taken: 5.365083932876587
err_norm: [8894.215843502196, 2880.8770764887504, 939.1464594191405, 306.4887514049363, 100.04330346345532, 32.65788556988062, 10.661079100241505, 3.480352523900922, 1.1361934652158854, 0.37092580303318845, 0.12109510675327403, 0.03953395280878529, 0.012906766085074418, 0.004213740253191671, 0.001375690863484685, 0.0004491345084757246, 0.00014663384834203607, 4.787337777156421e-05, 1.5629884289038122e-05, 5.102924660646514e-06, 1.6660349931868358e-06, 5.439394205403891e-07, 1.7758991508951272e-07, 5.798121661381556e-08, 1.893030127521026e-08, 6.1805743108717035e-09, 2.017907144934958e-09, 6.588317241736193e-10]
Gauss-Seidel method:
iterations: 17
time_taken: 0.2573063373565674
err_norm: [4337.143125460008, 690.8837478704849, 110.45220408380997, 17.663781634797903, 2.8250061966054916, 0.45182092385923867, 0.07226373560754915, 0.011557910633482845, 0.001848595062909691, 0.00029566975384736277, 4.729051772433444e-05, 7.5638493742939535e-06, 1.20979838388496e-06, 1.9350144908000406e-07, 3.0949693995365814e-08, 4.9502744216279104e-09, 7.917769575514423e-10]
Direct method:
time_taken: 5.5872581005096436
err_norm: 2.714491910539878e-29

Matrix size: 4000

Jacobi method:
iterations: 28
time_taken: 17.570703506469727
err_norm: [11859.172823390243, 3841.842743024874, 1252.5557096943921, 408.8068905238836, 133.45229743064087, 43.56689505106547, 14.223202790610896, 4.643495043261983, 1.5159951568292758, 0.4949426973005939, 0.16159042336877805, 0.05275691448828774, 0.01722446817813261, 0.005623602251322344, 0.0018360539906289066, 0.00059945716964397, 0.00019571880108027755, 6.390111807173583e-05, 2.0863432328116506e-05, 6.811838361237945e-06, 2.224047646575716e-06, 7.261476388266414e-07, 2.3708647764846912e-07, 7.740866606172878e-08, 2.5273958374066397e-08, 8.251972588701336e-09, 2.69428210545512e-09, 8.796888580153361e-10]
Gauss-Seidel method:
iterations: 18
time_taken: 0.4458434581756592
err_norm: [5782.944003638249, 921.351741137336, 147.31697212866962, 23.562012715691417, 3.7687205510280806, 0.6028150964715543, 0.09642279259586727, 0.015423358633880247, 0.0024670666146239893, 0.0003946251865516676, 6.312338499208752e-05, 1.0097107881608135e-05, 1.6151197110361825e-06, 2.5835285680900124e-07, 4.132591859611523e-08, 6.610470269008171e-09, 1.057408280616297e-09, 1.6914279460578688e-10]
Direct method:
time_taken: 13.633146524429321
err_norm: 3.5265527719367977e-29

Matrix size: 5000

Jacobi method:
iterations: 29
time_taken: 51.30279874801636
err_norm: [14823.313504572252, 4802.681388026902, 1565.9358696828256, 511.11712694092824, 166.85900659634535, 54.4752256197899, 17.785121547904147, 5.806575032509526, 1.8957776144663192, 0.6189536377184508, 0.202083887525444, 0.06597929736044927, 0.021541988778000665, 0.007033407167496681, 0.0022963991179519886, 0.0007497741419941443, 0.0002448019522918368, 7.992828686042003e-05, 2.6096798777267687e-05, 8.520694282728466e-06, 2.782041892157556e-06, 9.083499858166686e-07, 2.965811655500363e-07, 9.6835516371836e-08, 3.161742382043263e-08, 1.0323309510858825e-08, 3.370637408811753e-09, 1.1005396896985269e-09, 3.593353432984213e-10]
Gauss-Seidel method:
iterations: 18
time_taken: 0.6740012168884277
err_norm: [7228.147430647996, 1151.7692936344422, 184.1754949909557, 29.459359581647124, 4.7123032081303915, 0.7537891861521846, 0.1205787467076111, 0.019288323309257723, 0.0030854624681871732, 0.0004935687175793686, 7.89543756850219e-05, 1.2630069863151701e-05, 2.0203941037709716e-06, 3.231968257162544e-07, 5.170096290181533e-08, 8.270478674168434e-09, 1.3230098136936416e-09, 2.1163906701928553e-10]
Direct method:
time_taken: 27.520642042160034
err_norm: 4.4144095654984673e-29